$ANSIBLE_VAULT;1.1;AES256
66626334373938633935396239336435646464663762313132303963363833633564366264383966
3931333436313339336362336636646162333165636134360a386266356234633365616364363934
37353732386465643536303634653430326638313231613739656434616363356434633061326233
3134643966623961390a343739663630363136636537316633623531633765336166343361363862
32326638376636393634353133393366636635663038306661386331336637376432663337333739
35353730313363623564653365663165366436346366346338636232343130663336336435363031
35346163313634313366323961663662633933653532326532306466323763616439623734326631
36663033353835303861333736633066313361646231646532663231303930323262633637346265
39623836656532356263373334643162646431363436636538343931323264623864333734383434
66623437386234643034396235366231363461613239363463326432623931643337353031303730
31643166373539303230313539623633386161663565366334653561343135373035656534643165
61386231323265386538303630353138353139653763383433633330383563663133333834383732
31353230613239356333343564303438666236636333633764316332613838333636653631663335
62366161323637316436386661373233376632306332613139356231383839323832643236396234
64373639323665376336663766663135653939353030353031393034323334376139356263303338
35633730386466613235393761346338336434383436303065343737393334653362636161356130
64393339653137326666333632336264353231623265636636333335626664373839323935333365
31303964636633396430353937376331643534333130326630336333376261333064323938623339
63323164363532343663633638326261633435353534373334306565373663313832316630663866
32376664313962363033616264353038323638663732323735386231323931323365336361366665
37666338356239646666373366393438376130333439626562306438393064366165323432663734
64633364396635616535653937363565363130643831353338386332626130646236376130383331
65363062633364393037356337666265383065373965313262333335393139633838323539636630
32616136386535303862626162663130323437633065313331343364393565623534326431363532
36653066643538373035633365626633623634333131313566303232303034313034
